group,function,value,throughput_num,throughput_type,sample_measured_value,unit,iteration_count
u64_random,vendored_std,len_50-prefix_70,,,537117.0,ns,2400
u64_random,vendored_std,len_50-prefix_70,,,1044036.0,ns,4800
u64_random,vendored_std,len_50-prefix_70,,,1552804.0,ns,7200
u64_random,vendored_std,len_50-prefix_70,,,2070332.0,ns,9600
u64_random,vendored_std,len_50-prefix_70,,,2584260.0,ns,12000
u64_random,vendored_std,len_50-prefix_70,,,3099128.0,ns,14400
u64_random,vendored_std,len_50-prefix_70,,,3620385.0,ns,16800
u64_random,vendored_std,len_50-prefix_70,,,4119583.0,ns,19200
u64_random,vendored_std,len_50-prefix_70,,,4640801.0,ns,21600
u64_random,vendored_std,len_50-prefix_70,,,5166168.0,ns,24000
u64_random,vendored_std,len_50-prefix_70,,,5686709.0,ns,26400
u64_random,vendored_std,len_50-prefix_70,,,6211075.0,ns,28800
u64_random,vendored_std,len_50-prefix_70,,,6737813.0,ns,31200
u64_random,vendored_std,len_50-prefix_70,,,7251240.0,ns,33600
u64_random,vendored_std,len_50-prefix_70,,,7758768.0,ns,36000
u64_random,vendored_std,len_50-prefix_70,,,8301705.0,ns,38400
u64_random,vendored_std,len_50-prefix_70,,,8838242.0,ns,40800
u64_random,vendored_std,len_50-prefix_70,,,9338520.0,ns,43200
u64_random,vendored_std,len_50-prefix_70,,,9868679.0,ns,45600
u64_random,vendored_std,len_50-prefix_70,,,10397238.0,ns,48000
u64_random,vendored_std,len_50-prefix_70,,,10886545.0,ns,50400
u64_random,vendored_std,len_50-prefix_70,,,11418093.0,ns,52800
u64_random,vendored_std,len_50-prefix_70,,,11915581.0,ns,55200
u64_random,vendored_std,len_50-prefix_70,,,12446208.0,ns,57600
u64_random,vendored_std,len_50-prefix_70,,,12971170.0,ns,60000
u64_random,vendored_std,len_50-prefix_70,,,13540015.0,ns,62400
u64_random,vendored_std,len_50-prefix_70,,,14036342.0,ns,64800
u64_random,vendored_std,len_50-prefix_70,,,14543530.0,ns,67200
u64_random,vendored_std,len_50-prefix_70,,,15090006.0,ns,69600
u64_random,vendored_std,len_50-prefix_70,,,15601286.0,ns,72000
u64_random,vendored_std,len_50-prefix_70,,,16114905.0,ns,74400
u64_random,vendored_std,len_50-prefix_70,,,16639021.0,ns,76800
u64_random,vendored_std,len_50-prefix_70,,,17153739.0,ns,79200
u64_random,vendored_std,len_50-prefix_70,,,17705406.0,ns,81600
u64_random,vendored_std,len_50-prefix_70,,,18216174.0,ns,84000
u64_random,vendored_std,len_50-prefix_70,,,18723520.0,ns,86400
u64_random,vendored_std,len_50-prefix_70,,,19254190.0,ns,88800
u64_random,vendored_std,len_50-prefix_70,,,19798198.0,ns,91200
u64_random,vendored_std,len_50-prefix_70,,,20288378.0,ns,93600
u64_random,vendored_std,len_50-prefix_70,,,20828524.0,ns,96000
u64_random,vendored_std,len_50-prefix_70,,,21346572.0,ns,98400
u64_random,vendored_std,len_50-prefix_70,,,21873200.0,ns,100800
u64_random,vendored_std,len_50-prefix_70,,,22438377.0,ns,103200
u64_random,vendored_std,len_50-prefix_70,,,22941685.0,ns,105600
u64_random,vendored_std,len_50-prefix_70,,,23451852.0,ns,108000
u64_random,vendored_std,len_50-prefix_70,,,23997000.0,ns,110400
u64_random,vendored_std,len_50-prefix_70,,,24522023.0,ns,112800
u64_random,vendored_std,len_50-prefix_70,,,25017057.0,ns,115200
u64_random,vendored_std,len_50-prefix_70,,,25537615.0,ns,117600
u64_random,vendored_std,len_50-prefix_70,,,26039512.0,ns,120000
u64_random,vendored_std,len_50-prefix_70,,,26565570.0,ns,122400
u64_random,vendored_std,len_50-prefix_70,,,27116008.0,ns,124800
u64_random,vendored_std,len_50-prefix_70,,,27675116.0,ns,127200
u64_random,vendored_std,len_50-prefix_70,,,28286134.0,ns,129600
u64_random,vendored_std,len_50-prefix_70,,,28716960.0,ns,132000
u64_random,vendored_std,len_50-prefix_70,,,29268389.0,ns,134400
u64_random,vendored_std,len_50-prefix_70,,,29777116.0,ns,136800
u64_random,vendored_std,len_50-prefix_70,,,30294520.0,ns,139200
u64_random,vendored_std,len_50-prefix_70,,,30813264.0,ns,141600
u64_random,vendored_std,len_50-prefix_70,,,31327680.0,ns,144000
u64_random,vendored_std,len_50-prefix_70,,,31885648.0,ns,146400
u64_random,vendored_std,len_50-prefix_70,,,32367107.0,ns,148800
u64_random,vendored_std,len_50-prefix_70,,,32898973.0,ns,151200
u64_random,vendored_std,len_50-prefix_70,,,33451501.0,ns,153600
u64_random,vendored_std,len_50-prefix_70,,,33927390.0,ns,156000
u64_random,vendored_std,len_50-prefix_70,,,34456127.0,ns,158400
u64_random,vendored_std,len_50-prefix_70,,,34964636.0,ns,160800
u64_random,vendored_std,len_50-prefix_70,,,35533353.0,ns,163200
u64_random,vendored_std,len_50-prefix_70,,,36110410.0,ns,165600
u64_random,vendored_std,len_50-prefix_70,,,36595909.0,ns,168000
u64_random,vendored_std,len_50-prefix_70,,,37165458.0,ns,170400
u64_random,vendored_std,len_50-prefix_70,,,37611122.0,ns,172800
u64_random,vendored_std,len_50-prefix_70,,,38104742.0,ns,175200
u64_random,vendored_std,len_50-prefix_70,,,38634190.0,ns,177600
u64_random,vendored_std,len_50-prefix_70,,,39219647.0,ns,180000
u64_random,vendored_std,len_50-prefix_70,,,39699506.0,ns,182400
u64_random,vendored_std,len_50-prefix_70,,,40221504.0,ns,184800
u64_random,vendored_std,len_50-prefix_70,,,40734611.0,ns,187200
u64_random,vendored_std,len_50-prefix_70,,,41295619.0,ns,189600
u64_random,vendored_std,len_50-prefix_70,,,41742607.0,ns,192000
u64_random,vendored_std,len_50-prefix_70,,,42326465.0,ns,194400
u64_random,vendored_std,len_50-prefix_70,,,42828433.0,ns,196800
u64_random,vendored_std,len_50-prefix_70,,,43370180.0,ns,199200
u64_random,vendored_std,len_50-prefix_70,,,43825979.0,ns,201600
u64_random,vendored_std,len_50-prefix_70,,,44360636.0,ns,204000
u64_random,vendored_std,len_50-prefix_70,,,44945084.0,ns,206400
u64_random,vendored_std,len_50-prefix_70,,,46302810.0,ns,208800
u64_random,vendored_std,len_50-prefix_70,,,45725510.0,ns,211200
u64_random,vendored_std,len_50-prefix_70,,,46362328.0,ns,213600
u64_random,vendored_std,len_50-prefix_70,,,46880896.0,ns,216000
u64_random,vendored_std,len_50-prefix_70,,,47594290.0,ns,218400
u64_random,vendored_std,len_50-prefix_70,,,47992761.0,ns,220800
u64_random,vendored_std,len_50-prefix_70,,,48476509.0,ns,223200
u64_random,vendored_std,len_50-prefix_70,,,48898416.0,ns,225600
u64_random,vendored_std,len_50-prefix_70,,,49542866.0,ns,228000
u64_random,vendored_std,len_50-prefix_70,,,50035043.0,ns,230400
u64_random,vendored_std,len_50-prefix_70,,,50470570.0,ns,232800
u64_random,vendored_std,len_50-prefix_70,,,51023537.0,ns,235200
u64_random,vendored_std,len_50-prefix_70,,,51547897.0,ns,237600
u64_random,vendored_std,len_50-prefix_70,,,52090413.0,ns,240000
