group,function,value,throughput_num,throughput_type,sample_measured_value,unit,iteration_count
u64_ascending,vendored_std,len_5-prefix_35,,,63459.0,ns,33011
u64_ascending,vendored_std,len_5-prefix_35,,,143379.0,ns,66022
u64_ascending,vendored_std,len_5-prefix_35,,,224399.0,ns,99033
u64_ascending,vendored_std,len_5-prefix_35,,,304069.0,ns,132044
u64_ascending,vendored_std,len_5-prefix_35,,,371529.0,ns,165055
u64_ascending,vendored_std,len_5-prefix_35,,,437098.0,ns,198066
u64_ascending,vendored_std,len_5-prefix_35,,,493858.0,ns,231077
u64_ascending,vendored_std,len_5-prefix_35,,,556757.0,ns,264088
u64_ascending,vendored_std,len_5-prefix_35,,,622897.0,ns,297099
u64_ascending,vendored_std,len_5-prefix_35,,,683937.0,ns,330110
u64_ascending,vendored_std,len_5-prefix_35,,,750298.0,ns,363121
u64_ascending,vendored_std,len_5-prefix_35,,,812277.0,ns,396132
u64_ascending,vendored_std,len_5-prefix_35,,,880607.0,ns,429143
u64_ascending,vendored_std,len_5-prefix_35,,,938916.0,ns,462154
u64_ascending,vendored_std,len_5-prefix_35,,,1005457.0,ns,495165
u64_ascending,vendored_std,len_5-prefix_35,,,1063796.0,ns,528176
u64_ascending,vendored_std,len_5-prefix_35,,,1124966.0,ns,561187
u64_ascending,vendored_std,len_5-prefix_35,,,1198855.0,ns,594198
u64_ascending,vendored_std,len_5-prefix_35,,,1257947.0,ns,627209
u64_ascending,vendored_std,len_5-prefix_35,,,1319334.0,ns,660220
u64_ascending,vendored_std,len_5-prefix_35,,,1588344.0,ns,693231
u64_ascending,vendored_std,len_5-prefix_35,,,1445215.0,ns,726242
u64_ascending,vendored_std,len_5-prefix_35,,,1516144.0,ns,759253
u64_ascending,vendored_std,len_5-prefix_35,,,1593382.0,ns,792264
u64_ascending,vendored_std,len_5-prefix_35,,,1644054.0,ns,825275
u64_ascending,vendored_std,len_5-prefix_35,,,1708323.0,ns,858286
u64_ascending,vendored_std,len_5-prefix_35,,,1768412.0,ns,891297
u64_ascending,vendored_std,len_5-prefix_35,,,1847782.0,ns,924308
u64_ascending,vendored_std,len_5-prefix_35,,,1879342.0,ns,957319
u64_ascending,vendored_std,len_5-prefix_35,,,1949172.0,ns,990330
u64_ascending,vendored_std,len_5-prefix_35,,,2013963.0,ns,1023341
u64_ascending,vendored_std,len_5-prefix_35,,,2081882.0,ns,1056352
u64_ascending,vendored_std,len_5-prefix_35,,,2153112.0,ns,1089363
u64_ascending,vendored_std,len_5-prefix_35,,,2233150.0,ns,1122374
u64_ascending,vendored_std,len_5-prefix_35,,,2310970.0,ns,1155385
u64_ascending,vendored_std,len_5-prefix_35,,,2327010.0,ns,1188396
u64_ascending,vendored_std,len_5-prefix_35,,,2415210.0,ns,1221407
u64_ascending,vendored_std,len_5-prefix_35,,,2493369.0,ns,1254418
u64_ascending,vendored_std,len_5-prefix_35,,,2542379.0,ns,1287429
u64_ascending,vendored_std,len_5-prefix_35,,,2649999.0,ns,1320440
u64_ascending,vendored_std,len_5-prefix_35,,,2663300.0,ns,1353451
u64_ascending,vendored_std,len_5-prefix_35,,,2756659.0,ns,1386462
u64_ascending,vendored_std,len_5-prefix_35,,,2805897.0,ns,1419473
u64_ascending,vendored_std,len_5-prefix_35,,,2846470.0,ns,1452484
u64_ascending,vendored_std,len_5-prefix_35,,,2937507.0,ns,1485495
u64_ascending,vendored_std,len_5-prefix_35,,,2966168.0,ns,1518506
u64_ascending,vendored_std,len_5-prefix_35,,,3042275.0,ns,1551517
u64_ascending,vendored_std,len_5-prefix_35,,,3115738.0,ns,1584528
u64_ascending,vendored_std,len_5-prefix_35,,,3143046.0,ns,1617539
u64_ascending,vendored_std,len_5-prefix_35,,,3235487.0,ns,1650550
u64_ascending,vendored_std,len_5-prefix_35,,,3307517.0,ns,1683561
u64_ascending,vendored_std,len_5-prefix_35,,,3377585.0,ns,1716572
u64_ascending,vendored_std,len_5-prefix_35,,,3458296.0,ns,1749583
u64_ascending,vendored_std,len_5-prefix_35,,,3480017.0,ns,1782594
u64_ascending,vendored_std,len_5-prefix_35,,,3569734.0,ns,1815605
u64_ascending,vendored_std,len_5-prefix_35,,,3643444.0,ns,1848616
u64_ascending,vendored_std,len_5-prefix_35,,,3733104.0,ns,1881627
u64_ascending,vendored_std,len_5-prefix_35,,,3736724.0,ns,1914638
u64_ascending,vendored_std,len_5-prefix_35,,,3809064.0,ns,1947649
u64_ascending,vendored_std,len_5-prefix_35,,,3900748.0,ns,1980660
u64_ascending,vendored_std,len_5-prefix_35,,,3964813.0,ns,2013671
u64_ascending,vendored_std,len_5-prefix_35,,,4044143.0,ns,2046682
u64_ascending,vendored_std,len_5-prefix_35,,,4092051.0,ns,2079693
u64_ascending,vendored_std,len_5-prefix_35,,,4172613.0,ns,2112704
u64_ascending,vendored_std,len_5-prefix_35,,,4209953.0,ns,2145715
u64_ascending,vendored_std,len_5-prefix_35,,,4158152.0,ns,2178726
u64_ascending,vendored_std,len_5-prefix_35,,,4213502.0,ns,2211737
u64_ascending,vendored_std,len_5-prefix_35,,,4289462.0,ns,2244748
u64_ascending,vendored_std,len_5-prefix_35,,,4369091.0,ns,2277759
u64_ascending,vendored_std,len_5-prefix_35,,,4358093.0,ns,2310770
u64_ascending,vendored_std,len_5-prefix_35,,,4446942.0,ns,2343781
u64_ascending,vendored_std,len_5-prefix_35,,,4499241.0,ns,2376792
u64_ascending,vendored_std,len_5-prefix_35,,,4557950.0,ns,2409803
u64_ascending,vendored_std,len_5-prefix_35,,,4715791.0,ns,2442814
u64_ascending,vendored_std,len_5-prefix_35,,,4832960.0,ns,2475825
u64_ascending,vendored_std,len_5-prefix_35,,,4821458.0,ns,2508836
u64_ascending,vendored_std,len_5-prefix_35,,,4799670.0,ns,2541847
u64_ascending,vendored_std,len_5-prefix_35,,,4962370.0,ns,2574858
u64_ascending,vendored_std,len_5-prefix_35,,,5056050.0,ns,2607869
u64_ascending,vendored_std,len_5-prefix_35,,,5048339.0,ns,2640880
u64_ascending,vendored_std,len_5-prefix_35,,,5096780.0,ns,2673891
u64_ascending,vendored_std,len_5-prefix_35,,,5147259.0,ns,2706902
u64_ascending,vendored_std,len_5-prefix_35,,,5197418.0,ns,2739913
u64_ascending,vendored_std,len_5-prefix_35,,,5369385.0,ns,2772924
u64_ascending,vendored_std,len_5-prefix_35,,,5328698.0,ns,2805935
u64_ascending,vendored_std,len_5-prefix_35,,,5429407.0,ns,2838946
u64_ascending,vendored_std,len_5-prefix_35,,,5467767.0,ns,2871957
u64_ascending,vendored_std,len_5-prefix_35,,,5573808.0,ns,2904968
u64_ascending,vendored_std,len_5-prefix_35,,,5702964.0,ns,2937979
u64_ascending,vendored_std,len_5-prefix_35,,,5689726.0,ns,2970990
u64_ascending,vendored_std,len_5-prefix_35,,,5803246.0,ns,3004001
u64_ascending,vendored_std,len_5-prefix_35,,,5829467.0,ns,3037012
u64_ascending,vendored_std,len_5-prefix_35,,,6535474.0,ns,3070023
u64_ascending,vendored_std,len_5-prefix_35,,,6339422.0,ns,3103034
u64_ascending,vendored_std,len_5-prefix_35,,,6109583.0,ns,3136045
u64_ascending,vendored_std,len_5-prefix_35,,,6230875.0,ns,3169056
u64_ascending,vendored_std,len_5-prefix_35,,,6542113.0,ns,3202067
u64_ascending,vendored_std,len_5-prefix_35,,,6351283.0,ns,3235078
u64_ascending,vendored_std,len_5-prefix_35,,,6520822.0,ns,3268089
u64_ascending,vendored_std,len_5-prefix_35,,,6521113.0,ns,3301100
