group,function,value,throughput_num,throughput_type,sample_measured_value,unit,iteration_count
u64_random_z1,vendored_std,len_200-prefix_25,,,52120.0,ns,197
u64_random_z1,vendored_std,len_200-prefix_25,,,100569.0,ns,394
u64_random_z1,vendored_std,len_200-prefix_25,,,150648.0,ns,591
u64_random_z1,vendored_std,len_200-prefix_25,,,201770.0,ns,788
u64_random_z1,vendored_std,len_200-prefix_25,,,247618.0,ns,985
u64_random_z1,vendored_std,len_200-prefix_25,,,300459.0,ns,1182
u64_random_z1,vendored_std,len_200-prefix_25,,,346079.0,ns,1379
u64_random_z1,vendored_std,len_200-prefix_25,,,395918.0,ns,1576
u64_random_z1,vendored_std,len_200-prefix_25,,,447219.0,ns,1773
u64_random_z1,vendored_std,len_200-prefix_25,,,500908.0,ns,1970
u64_random_z1,vendored_std,len_200-prefix_25,,,550829.0,ns,2167
u64_random_z1,vendored_std,len_200-prefix_25,,,599337.0,ns,2364
u64_random_z1,vendored_std,len_200-prefix_25,,,652197.0,ns,2561
u64_random_z1,vendored_std,len_200-prefix_25,,,696367.0,ns,2758
u64_random_z1,vendored_std,len_200-prefix_25,,,754178.0,ns,2955
u64_random_z1,vendored_std,len_200-prefix_25,,,801596.0,ns,3152
u64_random_z1,vendored_std,len_200-prefix_25,,,1985198.0,ns,3349
u64_random_z1,vendored_std,len_200-prefix_25,,,898006.0,ns,3546
u64_random_z1,vendored_std,len_200-prefix_25,,,939897.0,ns,3743
u64_random_z1,vendored_std,len_200-prefix_25,,,990324.0,ns,3940
u64_random_z1,vendored_std,len_200-prefix_25,,,1046547.0,ns,4137
u64_random_z1,vendored_std,len_200-prefix_25,,,1100350.0,ns,4334
u64_random_z1,vendored_std,len_200-prefix_25,,,1149475.0,ns,4531
u64_random_z1,vendored_std,len_200-prefix_25,,,1197805.0,ns,4728
u64_random_z1,vendored_std,len_200-prefix_25,,,1242644.0,ns,4925
u64_random_z1,vendored_std,len_200-prefix_25,,,1302514.0,ns,5122
u64_random_z1,vendored_std,len_200-prefix_25,,,1349920.0,ns,5319
u64_random_z1,vendored_std,len_200-prefix_25,,,1397274.0,ns,5516
u64_random_z1,vendored_std,len_200-prefix_25,,,1437784.0,ns,5713
u64_random_z1,vendored_std,len_200-prefix_25,,,1504755.0,ns,5910
u64_random_z1,vendored_std,len_200-prefix_25,,,1558472.0,ns,6107
u64_random_z1,vendored_std,len_200-prefix_25,,,1604202.0,ns,6304
u64_random_z1,vendored_std,len_200-prefix_25,,,1644101.0,ns,6501
u64_random_z1,vendored_std,len_200-prefix_25,,,1702593.0,ns,6698
u64_random_z1,vendored_std,len_200-prefix_25,,,1747173.0,ns,6895
u64_random_z1,vendored_std,len_200-prefix_25,,,1801293.0,ns,7092
u64_random_z1,vendored_std,len_200-prefix_25,,,1870674.0,ns,7289
u64_random_z1,vendored_std,len_200-prefix_25,,,1924692.0,ns,7486
u64_random_z1,vendored_std,len_200-prefix_25,,,1979213.0,ns,7683
u64_random_z1,vendored_std,len_200-prefix_25,,,2011301.0,ns,7880
u64_random_z1,vendored_std,len_200-prefix_25,,,2063251.0,ns,8077
u64_random_z1,vendored_std,len_200-prefix_25,,,2109491.0,ns,8274
u64_random_z1,vendored_std,len_200-prefix_25,,,2163641.0,ns,8471
u64_random_z1,vendored_std,len_200-prefix_25,,,2195242.0,ns,8668
u64_random_z1,vendored_std,len_200-prefix_25,,,2249711.0,ns,8865
u64_random_z1,vendored_std,len_200-prefix_25,,,2298302.0,ns,9062
u64_random_z1,vendored_std,len_200-prefix_25,,,2350320.0,ns,9259
u64_random_z1,vendored_std,len_200-prefix_25,,,2413510.0,ns,9456
u64_random_z1,vendored_std,len_200-prefix_25,,,2460480.0,ns,9653
u64_random_z1,vendored_std,len_200-prefix_25,,,2511540.0,ns,9850
u64_random_z1,vendored_std,len_200-prefix_25,,,2550369.0,ns,10047
u64_random_z1,vendored_std,len_200-prefix_25,,,2602858.0,ns,10244
u64_random_z1,vendored_std,len_200-prefix_25,,,2649158.0,ns,10441
u64_random_z1,vendored_std,len_200-prefix_25,,,2710020.0,ns,10638
u64_random_z1,vendored_std,len_200-prefix_25,,,2741000.0,ns,10835
u64_random_z1,vendored_std,len_200-prefix_25,,,2794678.0,ns,11032
u64_random_z1,vendored_std,len_200-prefix_25,,,2855809.0,ns,11229
u64_random_z1,vendored_std,len_200-prefix_25,,,2893778.0,ns,11426
u64_random_z1,vendored_std,len_200-prefix_25,,,2955758.0,ns,11623
u64_random_z1,vendored_std,len_200-prefix_25,,,3019649.0,ns,11820
u64_random_z1,vendored_std,len_200-prefix_25,,,3054039.0,ns,12017
u64_random_z1,vendored_std,len_200-prefix_25,,,3117287.0,ns,12214
u64_random_z1,vendored_std,len_200-prefix_25,,,3169526.0,ns,12411
u64_random_z1,vendored_std,len_200-prefix_25,,,3233357.0,ns,12608
u64_random_z1,vendored_std,len_200-prefix_25,,,3285176.0,ns,12805
u64_random_z1,vendored_std,len_200-prefix_25,,,3360400.0,ns,13002
u64_random_z1,vendored_std,len_200-prefix_25,,,3390936.0,ns,13199
u64_random_z1,vendored_std,len_200-prefix_25,,,3451497.0,ns,13396
u64_random_z1,vendored_std,len_200-prefix_25,,,3473396.0,ns,13593
u64_random_z1,vendored_std,len_200-prefix_25,,,3535096.0,ns,13790
u64_random_z1,vendored_std,len_200-prefix_25,,,3589410.0,ns,13987
u64_random_z1,vendored_std,len_200-prefix_25,,,3640616.0,ns,14184
u64_random_z1,vendored_std,len_200-prefix_25,,,3682624.0,ns,14381
u64_random_z1,vendored_std,len_200-prefix_25,,,3730554.0,ns,14578
u64_random_z1,vendored_std,len_200-prefix_25,,,3773745.0,ns,14775
u64_random_z1,vendored_std,len_200-prefix_25,,,3807528.0,ns,14972
u64_random_z1,vendored_std,len_200-prefix_25,,,3893064.0,ns,15169
u64_random_z1,vendored_std,len_200-prefix_25,,,3901994.0,ns,15366
u64_random_z1,vendored_std,len_200-prefix_25,,,3973734.0,ns,15563
u64_random_z1,vendored_std,len_200-prefix_25,,,3988424.0,ns,15760
u64_random_z1,vendored_std,len_200-prefix_25,,,4032197.0,ns,15957
u64_random_z1,vendored_std,len_200-prefix_25,,,4080703.0,ns,16154
u64_random_z1,vendored_std,len_200-prefix_25,,,4146254.0,ns,16351
u64_random_z1,vendored_std,len_200-prefix_25,,,4176994.0,ns,16548
u64_random_z1,vendored_std,len_200-prefix_25,,,4278532.0,ns,16745
u64_random_z1,vendored_std,len_200-prefix_25,,,4357751.0,ns,16942
u64_random_z1,vendored_std,len_200-prefix_25,,,4378843.0,ns,17139
u64_random_z1,vendored_std,len_200-prefix_25,,,4442942.0,ns,17336
u64_random_z1,vendored_std,len_200-prefix_25,,,4490961.0,ns,17533
u64_random_z1,vendored_std,len_200-prefix_25,,,4527881.0,ns,17730
u64_random_z1,vendored_std,len_200-prefix_25,,,4563261.0,ns,17927
u64_random_z1,vendored_std,len_200-prefix_25,,,4618381.0,ns,18124
u64_random_z1,vendored_std,len_200-prefix_25,,,4689650.0,ns,18321
u64_random_z1,vendored_std,len_200-prefix_25,,,4754250.0,ns,18518
u64_random_z1,vendored_std,len_200-prefix_25,,,4800040.0,ns,18715
u64_random_z1,vendored_std,len_200-prefix_25,,,4834720.0,ns,18912
u64_random_z1,vendored_std,len_200-prefix_25,,,4905109.0,ns,19109
u64_random_z1,vendored_std,len_200-prefix_25,,,4955610.0,ns,19306
u64_random_z1,vendored_std,len_200-prefix_25,,,5014660.0,ns,19503
u64_random_z1,vendored_std,len_200-prefix_25,,,5027090.0,ns,19700
