group,function,value,throughput_num,throughput_type,sample_measured_value,unit,iteration_count
u64_random_p95,select_nth,len_3-prefix_35,,,45019.0,ns,16913
u64_random_p95,select_nth,len_3-prefix_35,,,88870.0,ns,33826
u64_random_p95,select_nth,len_3-prefix_35,,,134949.0,ns,50739
u64_random_p95,select_nth,len_3-prefix_35,,,190000.0,ns,67652
u64_random_p95,select_nth,len_3-prefix_35,,,247788.0,ns,84565
u64_random_p95,select_nth,len_3-prefix_35,,,298868.0,ns,101478
u64_random_p95,select_nth,len_3-prefix_35,,,355239.0,ns,118391
u64_random_p95,select_nth,len_3-prefix_35,,,408208.0,ns,135304
u64_random_p95,select_nth,len_3-prefix_35,,,464778.0,ns,152217
u64_random_p95,select_nth,len_3-prefix_35,,,516088.0,ns,169130
u64_random_p95,select_nth,len_3-prefix_35,,,570738.0,ns,186043
u64_random_p95,select_nth,len_3-prefix_35,,,615698.0,ns,202956
u64_random_p95,select_nth,len_3-prefix_35,,,665088.0,ns,219869
u64_random_p95,select_nth,len_3-prefix_35,,,713128.0,ns,236782
u64_random_p95,select_nth,len_3-prefix_35,,,754880.0,ns,253695
u64_random_p95,select_nth,len_3-prefix_35,,,796336.0,ns,270608
u64_random_p95,select_nth,len_3-prefix_35,,,838786.0,ns,287521
u64_random_p95,select_nth,len_3-prefix_35,,,890536.0,ns,304434
u64_random_p95,select_nth,len_3-prefix_35,,,923835.0,ns,321347
u64_random_p95,select_nth,len_3-prefix_35,,,981596.0,ns,338260
u64_random_p95,select_nth,len_3-prefix_35,,,1008147.0,ns,355173
u64_random_p95,select_nth,len_3-prefix_35,,,1046316.0,ns,372086
u64_random_p95,select_nth,len_3-prefix_35,,,1090085.0,ns,388999
u64_random_p95,select_nth,len_3-prefix_35,,,1128965.0,ns,405912
u64_random_p95,select_nth,len_3-prefix_35,,,1176085.0,ns,422825
u64_random_p95,select_nth,len_3-prefix_35,,,1212095.0,ns,439738
u64_random_p95,select_nth,len_3-prefix_35,,,1267815.0,ns,456651
u64_random_p95,select_nth,len_3-prefix_35,,,1302360.0,ns,473564
u64_random_p95,select_nth,len_3-prefix_35,,,1336964.0,ns,490477
u64_random_p95,select_nth,len_3-prefix_35,,,1384504.0,ns,507390
u64_random_p95,select_nth,len_3-prefix_35,,,1433835.0,ns,524303
u64_random_p95,select_nth,len_3-prefix_35,,,1463570.0,ns,541216
u64_random_p95,select_nth,len_3-prefix_35,,,1507043.0,ns,558129
u64_random_p95,select_nth,len_3-prefix_35,,,1548702.0,ns,575042
u64_random_p95,select_nth,len_3-prefix_35,,,1596475.0,ns,591955
u64_random_p95,select_nth,len_3-prefix_35,,,1638122.0,ns,608868
u64_random_p95,select_nth,len_3-prefix_35,,,1682553.0,ns,625781
u64_random_p95,select_nth,len_3-prefix_35,,,1736333.0,ns,642694
u64_random_p95,select_nth,len_3-prefix_35,,,1780414.0,ns,659607
u64_random_p95,select_nth,len_3-prefix_35,,,1807212.0,ns,676520
u64_random_p95,select_nth,len_3-prefix_35,,,1847052.0,ns,693433
u64_random_p95,select_nth,len_3-prefix_35,,,1897693.0,ns,710346
u64_random_p95,select_nth,len_3-prefix_35,,,1931483.0,ns,727259
u64_random_p95,select_nth,len_3-prefix_35,,,1982860.0,ns,744172
u64_random_p95,select_nth,len_3-prefix_35,,,2013681.0,ns,761085
u64_random_p95,select_nth,len_3-prefix_35,,,2053923.0,ns,777998
u64_random_p95,select_nth,len_3-prefix_35,,,2099191.0,ns,794911
u64_random_p95,select_nth,len_3-prefix_35,,,2138701.0,ns,811824
u64_random_p95,select_nth,len_3-prefix_35,,,2178800.0,ns,828737
u64_random_p95,select_nth,len_3-prefix_35,,,2272860.0,ns,845650
u64_random_p95,select_nth,len_3-prefix_35,,,2259010.0,ns,862563
u64_random_p95,select_nth,len_3-prefix_35,,,2301950.0,ns,879476
u64_random_p95,select_nth,len_3-prefix_35,,,2355150.0,ns,896389
u64_random_p95,select_nth,len_3-prefix_35,,,2399620.0,ns,913302
u64_random_p95,select_nth,len_3-prefix_35,,,2440860.0,ns,930215
u64_random_p95,select_nth,len_3-prefix_35,,,2487420.0,ns,947128
u64_random_p95,select_nth,len_3-prefix_35,,,2534810.0,ns,964041
u64_random_p95,select_nth,len_3-prefix_35,,,2568530.0,ns,980954
u64_random_p95,select_nth,len_3-prefix_35,,,2612350.0,ns,997867
u64_random_p95,select_nth,len_3-prefix_35,,,2651589.0,ns,1014780
u64_random_p95,select_nth,len_3-prefix_35,,,2683048.0,ns,1031693
u64_random_p95,select_nth,len_3-prefix_35,,,2731400.0,ns,1048606
u64_random_p95,select_nth,len_3-prefix_35,,,2769519.0,ns,1065519
u64_random_p95,select_nth,len_3-prefix_35,,,2820689.0,ns,1082432
u64_random_p95,select_nth,len_3-prefix_35,,,2864828.0,ns,1099345
u64_random_p95,select_nth,len_3-prefix_35,,,2914318.0,ns,1116258
u64_random_p95,select_nth,len_3-prefix_35,,,2949819.0,ns,1133171
u64_random_p95,select_nth,len_3-prefix_35,,,2996507.0,ns,1150084
u64_random_p95,select_nth,len_3-prefix_35,,,3031147.0,ns,1166997
u64_random_p95,select_nth,len_3-prefix_35,,,3074047.0,ns,1183910
u64_random_p95,select_nth,len_3-prefix_35,,,3121034.0,ns,1200823
u64_random_p95,select_nth,len_3-prefix_35,,,3164517.0,ns,1217736
u64_random_p95,select_nth,len_3-prefix_35,,,3195537.0,ns,1234649
u64_random_p95,select_nth,len_3-prefix_35,,,3232115.0,ns,1251562
u64_random_p95,select_nth,len_3-prefix_35,,,3280187.0,ns,1268475
u64_random_p95,select_nth,len_3-prefix_35,,,3263357.0,ns,1285388
u64_random_p95,select_nth,len_3-prefix_35,,,3311817.0,ns,1302301
u64_random_p95,select_nth,len_3-prefix_35,,,3373455.0,ns,1319214
u64_random_p95,select_nth,len_3-prefix_35,,,3393755.0,ns,1336127
u64_random_p95,select_nth,len_3-prefix_35,,,3452396.0,ns,1353040
u64_random_p95,select_nth,len_3-prefix_35,,,3549573.0,ns,1369953
u64_random_p95,select_nth,len_3-prefix_35,,,3586016.0,ns,1386866
u64_random_p95,select_nth,len_3-prefix_35,,,3623805.0,ns,1403779
u64_random_p95,select_nth,len_3-prefix_35,,,3656223.0,ns,1420692
u64_random_p95,select_nth,len_3-prefix_35,,,3703835.0,ns,1437605
u64_random_p95,select_nth,len_3-prefix_35,,,3758886.0,ns,1454518
u64_random_p95,select_nth,len_3-prefix_35,,,3821100.0,ns,1471431
u64_random_p95,select_nth,len_3-prefix_35,,,3853704.0,ns,1488344
u64_random_p95,select_nth,len_3-prefix_35,,,3893965.0,ns,1505257
u64_random_p95,select_nth,len_3-prefix_35,,,3930274.0,ns,1522170
u64_random_p95,select_nth,len_3-prefix_35,,,3968144.0,ns,1539083
u64_random_p95,select_nth,len_3-prefix_35,,,4007590.0,ns,1555996
u64_random_p95,select_nth,len_3-prefix_35,,,4040663.0,ns,1572909
u64_random_p95,select_nth,len_3-prefix_35,,,4104353.0,ns,1589822
u64_random_p95,select_nth,len_3-prefix_35,,,4115403.0,ns,1606735
u64_random_p95,select_nth,len_3-prefix_35,,,4159601.0,ns,1623648
u64_random_p95,select_nth,len_3-prefix_35,,,4219432.0,ns,1640561
u64_random_p95,select_nth,len_3-prefix_35,,,4256261.0,ns,1657474
u64_random_p95,select_nth,len_3-prefix_35,,,4303274.0,ns,1674387
u64_random_p95,select_nth,len_3-prefix_35,,,4345510.0,ns,1691300
