group,function,value,throughput_num,throughput_type,sample_measured_value,unit,iteration_count
u64_descending,select_nth,len_12-prefix_95,,,380110.0,ns,16979
u64_descending,select_nth,len_12-prefix_95,,,753067.0,ns,33958
u64_descending,select_nth,len_12-prefix_95,,,1142932.0,ns,50937
u64_descending,select_nth,len_12-prefix_95,,,1563584.0,ns,67916
u64_descending,select_nth,len_12-prefix_95,,,1995592.0,ns,84895
u64_descending,select_nth,len_12-prefix_95,,,2312070.0,ns,101874
u64_descending,select_nth,len_12-prefix_95,,,2671319.0,ns,118853
u64_descending,select_nth,len_12-prefix_95,,,3127667.0,ns,135832
u64_descending,select_nth,len_12-prefix_95,,,3718876.0,ns,152811
u64_descending,select_nth,len_12-prefix_95,,,3911545.0,ns,169790
u64_descending,select_nth,len_12-prefix_95,,,4206863.0,ns,186769
u64_descending,select_nth,len_12-prefix_95,,,4645292.0,ns,203748
u64_descending,select_nth,len_12-prefix_95,,,5077018.0,ns,220727
u64_descending,select_nth,len_12-prefix_95,,,5305619.0,ns,237706
u64_descending,select_nth,len_12-prefix_95,,,5663987.0,ns,254685
u64_descending,select_nth,len_12-prefix_95,,,6008586.0,ns,271664
u64_descending,select_nth,len_12-prefix_95,,,6422832.0,ns,288643
u64_descending,select_nth,len_12-prefix_95,,,6829492.0,ns,305622
u64_descending,select_nth,len_12-prefix_95,,,7148731.0,ns,322601
u64_descending,select_nth,len_12-prefix_95,,,7692707.0,ns,339580
u64_descending,select_nth,len_12-prefix_95,,,8054755.0,ns,356559
u64_descending,select_nth,len_12-prefix_95,,,8260343.0,ns,373538
u64_descending,select_nth,len_12-prefix_95,,,8867255.0,ns,390517
u64_descending,select_nth,len_12-prefix_95,,,9006723.0,ns,407496
u64_descending,select_nth,len_12-prefix_95,,,9586051.0,ns,424475
u64_descending,select_nth,len_12-prefix_95,,,9967768.0,ns,441454
u64_descending,select_nth,len_12-prefix_95,,,10232448.0,ns,458433
u64_descending,select_nth,len_12-prefix_95,,,10562852.0,ns,475412
u64_descending,select_nth,len_12-prefix_95,,,11213564.0,ns,492391
u64_descending,select_nth,len_12-prefix_95,,,11969121.0,ns,509370
u64_descending,select_nth,len_12-prefix_95,,,12475039.0,ns,526349
u64_descending,select_nth,len_12-prefix_95,,,11987381.0,ns,543328
u64_descending,select_nth,len_12-prefix_95,,,12952258.0,ns,560307
u64_descending,select_nth,len_12-prefix_95,,,13440155.0,ns,577286
u64_descending,select_nth,len_12-prefix_95,,,13137536.0,ns,594265
u64_descending,select_nth,len_12-prefix_95,,,13488135.0,ns,611244
u64_descending,select_nth,len_12-prefix_95,,,14023002.0,ns,628223
u64_descending,select_nth,len_12-prefix_95,,,14639478.0,ns,645202
u64_descending,select_nth,len_12-prefix_95,,,14862457.0,ns,662181
u64_descending,select_nth,len_12-prefix_95,,,15300918.0,ns,679160
u64_descending,select_nth,len_12-prefix_95,,,16197234.0,ns,696139
u64_descending,select_nth,len_12-prefix_95,,,15715595.0,ns,713118
u64_descending,select_nth,len_12-prefix_95,,,16487862.0,ns,730097
u64_descending,select_nth,len_12-prefix_95,,,16488580.0,ns,747076
u64_descending,select_nth,len_12-prefix_95,,,16909311.0,ns,764055
u64_descending,select_nth,len_12-prefix_95,,,17510457.0,ns,781034
u64_descending,select_nth,len_12-prefix_95,,,17621627.0,ns,798013
u64_descending,select_nth,len_12-prefix_95,,,18706453.0,ns,814992
u64_descending,select_nth,len_12-prefix_95,,,18785623.0,ns,831971
u64_descending,select_nth,len_12-prefix_95,,,19414389.0,ns,848950
u64_descending,select_nth,len_12-prefix_95,,,21233751.0,ns,865929
u64_descending,select_nth,len_12-prefix_95,,,22674275.0,ns,882908
u64_descending,select_nth,len_12-prefix_95,,,23107262.0,ns,899887
u64_descending,select_nth,len_12-prefix_95,,,23499442.0,ns,916866
u64_descending,select_nth,len_12-prefix_95,,,23995240.0,ns,933845
u64_descending,select_nth,len_12-prefix_95,,,21719550.0,ns,950824
u64_descending,select_nth,len_12-prefix_95,,,21235773.0,ns,967803
u64_descending,select_nth,len_12-prefix_95,,,21719820.0,ns,984782
u64_descending,select_nth,len_12-prefix_95,,,21952819.0,ns,1001761
u64_descending,select_nth,len_12-prefix_95,,,22181205.0,ns,1018740
u64_descending,select_nth,len_12-prefix_95,,,22389838.0,ns,1035719
u64_descending,select_nth,len_12-prefix_95,,,22877866.0,ns,1052698
u64_descending,select_nth,len_12-prefix_95,,,23616483.0,ns,1069677
u64_descending,select_nth,len_12-prefix_95,,,23812061.0,ns,1086656
u64_descending,select_nth,len_12-prefix_95,,,23952059.0,ns,1103635
u64_descending,select_nth,len_12-prefix_95,,,24613875.0,ns,1120614
u64_descending,select_nth,len_12-prefix_95,,,24737706.0,ns,1137593
u64_descending,select_nth,len_12-prefix_95,,,25517314.0,ns,1154572
u64_descending,select_nth,len_12-prefix_95,,,25404954.0,ns,1171551
u64_descending,select_nth,len_12-prefix_95,,,25704616.0,ns,1188530
u64_descending,select_nth,len_12-prefix_95,,,26379482.0,ns,1205509
u64_descending,select_nth,len_12-prefix_95,,,26692020.0,ns,1222488
u64_descending,select_nth,len_12-prefix_95,,,26581541.0,ns,1239467
u64_descending,select_nth,len_12-prefix_95,,,27176869.0,ns,1256446
u64_descending,select_nth,len_12-prefix_95,,,28273893.0,ns,1273425
u64_descending,select_nth,len_12-prefix_95,,,28005004.0,ns,1290404
u64_descending,select_nth,len_12-prefix_95,,,28353292.0,ns,1307383
u64_descending,select_nth,len_12-prefix_95,,,30057245.0,ns,1324362
u64_descending,select_nth,len_12-prefix_95,,,31044492.0,ns,1341341
u64_descending,select_nth,len_12-prefix_95,,,28944249.0,ns,1358320
u64_descending,select_nth,len_12-prefix_95,,,29253988.0,ns,1375299
u64_descending,select_nth,len_12-prefix_95,,,31312501.0,ns,1392278
u64_descending,select_nth,len_12-prefix_95,,,30295006.0,ns,1409257
u64_descending,select_nth,len_12-prefix_95,,,31068432.0,ns,1426236
u64_descending,select_nth,len_12-prefix_95,,,32083396.0,ns,1443215
u64_descending,select_nth,len_12-prefix_95,,,32437252.0,ns,1460194
u64_descending,select_nth,len_12-prefix_95,,,31932158.0,ns,1477173
u64_descending,select_nth,len_12-prefix_95,,,32483996.0,ns,1494152
u64_descending,select_nth,len_12-prefix_95,,,32839815.0,ns,1511131
u64_descending,select_nth,len_12-prefix_95,,,33073716.0,ns,1528110
u64_descending,select_nth,len_12-prefix_95,,,33636602.0,ns,1545089
u64_descending,select_nth,len_12-prefix_95,,,34135238.0,ns,1562068
u64_descending,select_nth,len_12-prefix_95,,,34433137.0,ns,1579047
u64_descending,select_nth,len_12-prefix_95,,,34780567.0,ns,1596026
u64_descending,select_nth,len_12-prefix_95,,,35399414.0,ns,1613005
u64_descending,select_nth,len_12-prefix_95,,,35699864.0,ns,1629984
u64_descending,select_nth,len_12-prefix_95,,,35763711.0,ns,1646963
u64_descending,select_nth,len_12-prefix_95,,,35239385.0,ns,1663942
u64_descending,select_nth,len_12-prefix_95,,,36090491.0,ns,1680921
u64_descending,select_nth,len_12-prefix_95,,,36762308.0,ns,1697900
