group,function,value,throughput_num,throughput_type,sample_measured_value,unit,iteration_count
u64_descending,vendored_std,len_50-prefix_45,,,723048.0,ns,5160
u64_descending,vendored_std,len_50-prefix_45,,,1463374.0,ns,10320
u64_descending,vendored_std,len_50-prefix_45,,,1691382.0,ns,15480
u64_descending,vendored_std,len_50-prefix_45,,,2266661.0,ns,20640
u64_descending,vendored_std,len_50-prefix_45,,,2843730.0,ns,25800
u64_descending,vendored_std,len_50-prefix_45,,,3411105.0,ns,30960
u64_descending,vendored_std,len_50-prefix_45,,,3976463.0,ns,36120
u64_descending,vendored_std,len_50-prefix_45,,,4535131.0,ns,41280
u64_descending,vendored_std,len_50-prefix_45,,,5099020.0,ns,46440
u64_descending,vendored_std,len_50-prefix_45,,,5668068.0,ns,51600
u64_descending,vendored_std,len_50-prefix_45,,,6255364.0,ns,56760
u64_descending,vendored_std,len_50-prefix_45,,,6795493.0,ns,61920
u64_descending,vendored_std,len_50-prefix_45,,,7361980.0,ns,67080
u64_descending,vendored_std,len_50-prefix_45,,,7931608.0,ns,72240
u64_descending,vendored_std,len_50-prefix_45,,,8501465.0,ns,77400
u64_descending,vendored_std,len_50-prefix_45,,,9058922.0,ns,82560
u64_descending,vendored_std,len_50-prefix_45,,,9625770.0,ns,87720
u64_descending,vendored_std,len_50-prefix_45,,,10184989.0,ns,92880
u64_descending,vendored_std,len_50-prefix_45,,,10746315.0,ns,98040
u64_descending,vendored_std,len_50-prefix_45,,,11315183.0,ns,103200
u64_descending,vendored_std,len_50-prefix_45,,,11874820.0,ns,108360
u64_descending,vendored_std,len_50-prefix_45,,,12450570.0,ns,113520
u64_descending,vendored_std,len_50-prefix_45,,,13012497.0,ns,118680
u64_descending,vendored_std,len_50-prefix_45,,,13567703.0,ns,123840
u64_descending,vendored_std,len_50-prefix_45,,,14142841.0,ns,129000
u64_descending,vendored_std,len_50-prefix_45,,,14725740.0,ns,134160
u64_descending,vendored_std,len_50-prefix_45,,,15278940.0,ns,139320
u64_descending,vendored_std,len_50-prefix_45,,,15834735.0,ns,144480
u64_descending,vendored_std,len_50-prefix_45,,,16429482.0,ns,149640
u64_descending,vendored_std,len_50-prefix_45,,,16986409.0,ns,154800
u64_descending,vendored_std,len_50-prefix_45,,,17547396.0,ns,159960
u64_descending,vendored_std,len_50-prefix_45,,,18333494.0,ns,165120
u64_descending,vendored_std,len_50-prefix_45,,,18695493.0,ns,170280
u64_descending,vendored_std,len_50-prefix_45,,,19257582.0,ns,175440
u64_descending,vendored_std,len_50-prefix_45,,,19875767.0,ns,180600
u64_descending,vendored_std,len_50-prefix_45,,,20390766.0,ns,185760
u64_descending,vendored_std,len_50-prefix_45,,,20993993.0,ns,190920
u64_descending,vendored_std,len_50-prefix_45,,,21516521.0,ns,196080
u64_descending,vendored_std,len_50-prefix_45,,,22100666.0,ns,201240
u64_descending,vendored_std,len_50-prefix_45,,,22649266.0,ns,206400
u64_descending,vendored_std,len_50-prefix_45,,,23244134.0,ns,211560
u64_descending,vendored_std,len_50-prefix_45,,,23799772.0,ns,216720
u64_descending,vendored_std,len_50-prefix_45,,,24354477.0,ns,221880
u64_descending,vendored_std,len_50-prefix_45,,,24945609.0,ns,227040
u64_descending,vendored_std,len_50-prefix_45,,,25464535.0,ns,232200
u64_descending,vendored_std,len_50-prefix_45,,,26060393.0,ns,237360
u64_descending,vendored_std,len_50-prefix_45,,,26631350.0,ns,242520
u64_descending,vendored_std,len_50-prefix_45,,,27231458.0,ns,247680
u64_descending,vendored_std,len_50-prefix_45,,,27831774.0,ns,252840
u64_descending,vendored_std,len_50-prefix_45,,,28358073.0,ns,258000
u64_descending,vendored_std,len_50-prefix_45,,,28890940.0,ns,263160
u64_descending,vendored_std,len_50-prefix_45,,,29479708.0,ns,268320
u64_descending,vendored_std,len_50-prefix_45,,,30057756.0,ns,273480
u64_descending,vendored_std,len_50-prefix_45,,,30610064.0,ns,278640
u64_descending,vendored_std,len_50-prefix_45,,,31211291.0,ns,283800
u64_descending,vendored_std,len_50-prefix_45,,,31774807.0,ns,288960
u64_descending,vendored_std,len_50-prefix_45,,,32309257.0,ns,294120
u64_descending,vendored_std,len_50-prefix_45,,,32864861.0,ns,299280
u64_descending,vendored_std,len_50-prefix_45,,,33430532.0,ns,304440
u64_descending,vendored_std,len_50-prefix_45,,,33989060.0,ns,309600
u64_descending,vendored_std,len_50-prefix_45,,,34763939.0,ns,314760
u64_descending,vendored_std,len_50-prefix_45,,,35118796.0,ns,319920
u64_descending,vendored_std,len_50-prefix_45,,,35710561.0,ns,325080
u64_descending,vendored_std,len_50-prefix_45,,,36298380.0,ns,330240
u64_descending,vendored_std,len_50-prefix_45,,,36862568.0,ns,335400
u64_descending,vendored_std,len_50-prefix_45,,,37418104.0,ns,340560
u64_descending,vendored_std,len_50-prefix_45,,,37978433.0,ns,345720
u64_descending,vendored_std,len_50-prefix_45,,,38587610.0,ns,350880
u64_descending,vendored_std,len_50-prefix_45,,,39253518.0,ns,356040
u64_descending,vendored_std,len_50-prefix_45,,,39803554.0,ns,361200
u64_descending,vendored_std,len_50-prefix_45,,,40358512.0,ns,366360
u64_descending,vendored_std,len_50-prefix_45,,,40918921.0,ns,371520
u64_descending,vendored_std,len_50-prefix_45,,,42584904.0,ns,376680
u64_descending,vendored_std,len_50-prefix_45,,,43300188.0,ns,381840
u64_descending,vendored_std,len_50-prefix_45,,,42539705.0,ns,387000
u64_descending,vendored_std,len_50-prefix_45,,,43220690.0,ns,392160
u64_descending,vendored_std,len_50-prefix_45,,,43848888.0,ns,397320
u64_descending,vendored_std,len_50-prefix_45,,,44275480.0,ns,402480
u64_descending,vendored_std,len_50-prefix_45,,,44843695.0,ns,407640
u64_descending,vendored_std,len_50-prefix_45,,,45436163.0,ns,412800
u64_descending,vendored_std,len_50-prefix_45,,,46013450.0,ns,417960
u64_descending,vendored_std,len_50-prefix_45,,,46463728.0,ns,423120
u64_descending,vendored_std,len_50-prefix_45,,,47046475.0,ns,428280
u64_descending,vendored_std,len_50-prefix_45,,,47687883.0,ns,433440
u64_descending,vendored_std,len_50-prefix_45,,,48134740.0,ns,438600
u64_descending,vendored_std,len_50-prefix_45,,,48552858.0,ns,443760
u64_descending,vendored_std,len_50-prefix_45,,,49236077.0,ns,448920
u64_descending,vendored_std,len_50-prefix_45,,,49852104.0,ns,454080
u64_descending,vendored_std,len_50-prefix_45,,,50385451.0,ns,459240
u64_descending,vendored_std,len_50-prefix_45,,,50949930.0,ns,464400
u64_descending,vendored_std,len_50-prefix_45,,,51540118.0,ns,469560
u64_descending,vendored_std,len_50-prefix_45,,,52071721.0,ns,474720
u64_descending,vendored_std,len_50-prefix_45,,,52662652.0,ns,479880
u64_descending,vendored_std,len_50-prefix_45,,,53221580.0,ns,485040
u64_descending,vendored_std,len_50-prefix_45,,,53834161.0,ns,490200
u64_descending,vendored_std,len_50-prefix_45,,,54393585.0,ns,495360
u64_descending,vendored_std,len_50-prefix_45,,,54966384.0,ns,500520
u64_descending,vendored_std,len_50-prefix_45,,,55573550.0,ns,505680
u64_descending,vendored_std,len_50-prefix_45,,,56106718.0,ns,510840
u64_descending,vendored_std,len_50-prefix_45,,,56705867.0,ns,516000
