group,function,value,throughput_num,throughput_type,sample_measured_value,unit,iteration_count
string_random,vendored_std,len_18-prefix_4,,,107249.0,ns,1006
string_random,vendored_std,len_18-prefix_4,,,210910.0,ns,2012
string_random,vendored_std,len_18-prefix_4,,,320609.0,ns,3018
string_random,vendored_std,len_18-prefix_4,,,426148.0,ns,4024
string_random,vendored_std,len_18-prefix_4,,,538150.0,ns,5030
string_random,vendored_std,len_18-prefix_4,,,642486.0,ns,6036
string_random,vendored_std,len_18-prefix_4,,,753035.0,ns,7042
string_random,vendored_std,len_18-prefix_4,,,869196.0,ns,8048
string_random,vendored_std,len_18-prefix_4,,,978107.0,ns,9054
string_random,vendored_std,len_18-prefix_4,,,1095905.0,ns,10060
string_random,vendored_std,len_18-prefix_4,,,1196055.0,ns,11066
string_random,vendored_std,len_18-prefix_4,,,1274364.0,ns,12072
string_random,vendored_std,len_18-prefix_4,,,1383969.0,ns,13078
string_random,vendored_std,len_18-prefix_4,,,1489844.0,ns,14084
string_random,vendored_std,len_18-prefix_4,,,1594333.0,ns,15090
string_random,vendored_std,len_18-prefix_4,,,1699953.0,ns,16096
string_random,vendored_std,len_18-prefix_4,,,1804663.0,ns,17102
string_random,vendored_std,len_18-prefix_4,,,1910063.0,ns,18108
string_random,vendored_std,len_18-prefix_4,,,2014271.0,ns,19114
string_random,vendored_std,len_18-prefix_4,,,2122881.0,ns,20120
string_random,vendored_std,len_18-prefix_4,,,2222480.0,ns,21126
string_random,vendored_std,len_18-prefix_4,,,2324290.0,ns,22132
string_random,vendored_std,len_18-prefix_4,,,2441110.0,ns,23138
string_random,vendored_std,len_18-prefix_4,,,2544910.0,ns,24144
string_random,vendored_std,len_18-prefix_4,,,2660160.0,ns,25150
string_random,vendored_std,len_18-prefix_4,,,2756787.0,ns,26156
string_random,vendored_std,len_18-prefix_4,,,2859199.0,ns,27162
string_random,vendored_std,len_18-prefix_4,,,3050078.0,ns,28168
string_random,vendored_std,len_18-prefix_4,,,3068020.0,ns,29174
string_random,vendored_std,len_18-prefix_4,,,3172297.0,ns,30180
string_random,vendored_std,len_18-prefix_4,,,3278606.0,ns,31186
string_random,vendored_std,len_18-prefix_4,,,3389897.0,ns,32192
string_random,vendored_std,len_18-prefix_4,,,3487336.0,ns,33198
string_random,vendored_std,len_18-prefix_4,,,3592176.0,ns,34204
string_random,vendored_std,len_18-prefix_4,,,3693794.0,ns,35210
string_random,vendored_std,len_18-prefix_4,,,3806065.0,ns,36216
string_random,vendored_std,len_18-prefix_4,,,3898540.0,ns,37222
string_random,vendored_std,len_18-prefix_4,,,4008463.0,ns,38228
string_random,vendored_std,len_18-prefix_4,,,4114223.0,ns,39234
string_random,vendored_std,len_18-prefix_4,,,4223770.0,ns,40240
string_random,vendored_std,len_18-prefix_4,,,4334331.0,ns,41246
string_random,vendored_std,len_18-prefix_4,,,4438472.0,ns,42252
string_random,vendored_std,len_18-prefix_4,,,4532992.0,ns,43258
string_random,vendored_std,len_18-prefix_4,,,4620950.0,ns,44264
string_random,vendored_std,len_18-prefix_4,,,4753780.0,ns,45270
string_random,vendored_std,len_18-prefix_4,,,4856290.0,ns,46276
string_random,vendored_std,len_18-prefix_4,,,4960859.0,ns,47282
string_random,vendored_std,len_18-prefix_4,,,5066799.0,ns,48288
string_random,vendored_std,len_18-prefix_4,,,5174749.0,ns,49294
string_random,vendored_std,len_18-prefix_4,,,5282378.0,ns,50300
string_random,vendored_std,len_18-prefix_4,,,5379328.0,ns,51306
string_random,vendored_std,len_18-prefix_4,,,5505979.0,ns,52312
string_random,vendored_std,len_18-prefix_4,,,5600503.0,ns,53318
string_random,vendored_std,len_18-prefix_4,,,5717818.0,ns,54324
string_random,vendored_std,len_18-prefix_4,,,5818856.0,ns,55330
string_random,vendored_std,len_18-prefix_4,,,5927699.0,ns,56336
string_random,vendored_std,len_18-prefix_4,,,6025907.0,ns,57342
string_random,vendored_std,len_18-prefix_4,,,6125055.0,ns,58348
string_random,vendored_std,len_18-prefix_4,,,6249533.0,ns,59354
string_random,vendored_std,len_18-prefix_4,,,6346563.0,ns,60360
string_random,vendored_std,len_18-prefix_4,,,6461983.0,ns,61366
string_random,vendored_std,len_18-prefix_4,,,6597385.0,ns,62372
string_random,vendored_std,len_18-prefix_4,,,6693263.0,ns,63378
string_random,vendored_std,len_18-prefix_4,,,6802232.0,ns,64384
string_random,vendored_std,len_18-prefix_4,,,6894032.0,ns,65390
string_random,vendored_std,len_18-prefix_4,,,6994841.0,ns,66396
string_random,vendored_std,len_18-prefix_4,,,7123370.0,ns,67402
string_random,vendored_std,len_18-prefix_4,,,7232220.0,ns,68408
string_random,vendored_std,len_18-prefix_4,,,7334650.0,ns,69414
string_random,vendored_std,len_18-prefix_4,,,7416620.0,ns,70420
string_random,vendored_std,len_18-prefix_4,,,7546350.0,ns,71426
string_random,vendored_std,len_18-prefix_4,,,7665877.0,ns,72432
string_random,vendored_std,len_18-prefix_4,,,7717439.0,ns,73438
string_random,vendored_std,len_18-prefix_4,,,7852598.0,ns,74444
string_random,vendored_std,len_18-prefix_4,,,7941507.0,ns,75450
string_random,vendored_std,len_18-prefix_4,,,8044166.0,ns,76456
string_random,vendored_std,len_18-prefix_4,,,8186857.0,ns,77462
string_random,vendored_std,len_18-prefix_4,,,8279915.0,ns,78468
string_random,vendored_std,len_18-prefix_4,,,8392775.0,ns,79474
string_random,vendored_std,len_18-prefix_4,,,8457505.0,ns,80480
string_random,vendored_std,len_18-prefix_4,,,8613364.0,ns,81486
string_random,vendored_std,len_18-prefix_4,,,8929703.0,ns,82492
string_random,vendored_std,len_18-prefix_4,,,8715164.0,ns,83498
string_random,vendored_std,len_18-prefix_4,,,8790245.0,ns,84504
string_random,vendored_std,len_18-prefix_4,,,8932593.0,ns,85510
string_random,vendored_std,len_18-prefix_4,,,9031932.0,ns,86516
string_random,vendored_std,len_18-prefix_4,,,9127604.0,ns,87522
string_random,vendored_std,len_18-prefix_4,,,9228342.0,ns,88528
string_random,vendored_std,len_18-prefix_4,,,9357961.0,ns,89534
string_random,vendored_std,len_18-prefix_4,,,9426891.0,ns,90540
string_random,vendored_std,len_18-prefix_4,,,9558311.0,ns,91546
string_random,vendored_std,len_18-prefix_4,,,9644050.0,ns,92552
string_random,vendored_std,len_18-prefix_4,,,9752170.0,ns,93558
string_random,vendored_std,len_18-prefix_4,,,9878848.0,ns,94564
string_random,vendored_std,len_18-prefix_4,,,9944880.0,ns,95570
string_random,vendored_std,len_18-prefix_4,,,10077788.0,ns,96576
string_random,vendored_std,len_18-prefix_4,,,10200887.0,ns,97582
string_random,vendored_std,len_18-prefix_4,,,10265088.0,ns,98588
string_random,vendored_std,len_18-prefix_4,,,10386738.0,ns,99594
string_random,vendored_std,len_18-prefix_4,,,10512116.0,ns,100600
